#0|BackgroundA.png|0|0|800|600|
#0|BackgroundB.png|800|0|800|600|
#0|BackgroundC.png|1600|0|800|600|
#1|350|75|100|25|
#1|0|275|125|25|
#1|675|275|125|25|
#1|300|325|200|25|
#1|100|425|150|25|
#1|550|425|150|25|
#1|0|550|2400|50|
#1|800|275|150|25|
#1|1100|425|200|25|
#1|1150|75|100|25|
#1|1300|150|100|25|
#1|1300|350|100|25|
#1|1450|275|100|25|
#1|1500|75|100|25|
#1|1600|75|200|25|
#1|1900|200|100|25|
#1|2050|200|100|25|
#1|1600|350|25|200|
#1|1750|375|150|25|
#1|2150|425|125|25|
#2|200|125|100|25|200|250|60|
#2|525|200|100|25|425|200|60|
#2|1000|475|50|25|1000|75|60|
#2|1850|75|50|25|2150|75|60|
#3|300|525|25|25|20|100|
#3|475|525|25|25|20|100|
#3|500|525|25|25|20|100|
#3|375|300|25|25|30|200|
#3|400|300|25|25|30|200|
#3|387|275|25|25|30|200|
#3|1325|300|25|25|20|100|
#3|1325|325|25|25|20|100|
#3|1350|325|25|25|20|100|
#3|1300|525|25|25|20|100|
#3|1325|500|25|25|20|100|
#3|1325|525|25|25|20|100|
#3|1350|500|25|25|20|100|
#3|1350|525|25|25|20|100|
#3|1375|525|25|25|20|100|
#3|1650|50|25|25|30|200|
#3|1675|50|25|25|30|200|
#3|1800|350|25|25|30|200|
#3|1825|325|25|25|30|200|